1;12:35:40;11.8;10.7;
2;12:35:44;11.8;10.7;
3;12:35:47;11.8;10.7;
4;12:35:50;11.8;10.7;
5;12:35:54;11.8;10.7;
6;12:35:57;11.8;10.7;
7;12:36:00;11.8;10.7;
8;12:36:03;11.8;10.7;
9;12:36:07;11.8;10.7;
10;12:36:10;11.8;10.7;
11;12:36:13;11.8;10.7;
12;12:36:17;11.8;10.7;
13;12:36:20;11.8;10.7;
14;12:36:23;11.8;10.7;
15;12:36:27;11.8;10.7;
16;12:36:30;11.8;10.7;
17;12:36:33;11.8;10.7;
18;12:36:36;11.8;10.7;
19;12:36:40;11.8;10.7;
20;12:36:43;11.8;10.7;
21;12:36:46;11.8;10.7;
22;12:36:50;11.8;10.7;
23;12:36:53;11.8;10.7;
24;12:36:56;11.8;10.7;
25;12:37:00;11.8;10.7;
26;12:37:03;11.8;10.7;
27;12:37:06;11.8;10.7;
28;12:37:10;11.8;10.7;
29;12:37:13;11.8;10.7;
30;12:37:16;11.8;10.7;
31;12:37:20;11.8;10.7;
32;12:37:23;11.8;10.7;
33;12:37:26;11.8;10.7;
1;12:37:33;11.8;10.7;
2;12:37:46;11.8;10.7;
3;12:38:00;11.8;10.7;
4;12:38:13;11.8;10.7;
5;12:38:26;11.8;10.7;
6;12:38:40;11.8;10.7;
7;12:38:53;11.8;10.7;
8;12:39:06;11.8;10.7;
1;12:39:18;11.8;10.7;
2;12:39:31;11.8;10.7;
3;12:39:45;11.8;10.7;
4;12:39:58;11.8;10.7;
5;12:40:11;11.8;10.7;
6;12:40:25;11.8;10.7;
7;12:40:38;11.8;10.7;
8;12:40:51;11.8;10.7;
9;12:41:05;11.8;10.7;
10;12:41:18;11.8;10.7;
11;12:41:31;11.8;10.7;
12;12:41:44;11.8;10.7;
13;12:41:58;11.8;10.7;
14;12:42:11;11.8;10.7;
15;12:42:24;11.8;10.7;
16;12:42:38;11.8;10.7;
17;12:42:51;11.8;10.7;
18;12:43:04;11.8;10.7;
19;12:43:18;11.8;10.7;
20;12:43:31;11.8;10.7;
21;12:43:44;11.8;10.7;
22;12:43:57;11.8;10.7;
23;12:44:11;11.8;10.7;
24;12:44:24;11.8;10.7;
25;12:44:37;11.8;10.7;
26;12:44:51;11.8;10.7;
27;12:45:04;11.8;10.7;
28;12:45:17;11.8;10.7;
29;12:45:31;11.8;10.7;
30;12:45:44;11.8;10.7;
31;12:45:57;11.8;10.7;
32;12:46:10;11.8;10.7;
33;12:46:24;11.8;10.7;
34;12:46:37;11.8;10.7;
35;12:46:50;11.8;10.7;
36;12:47:04;11.8;10.7;
37;12:47:17;11.8;10.7;
38;12:47:30;11.8;10.7;
39;12:47:44;11.8;10.7;
40;12:47:57;11.8;10.7;
41;12:48:10;11.8;10.7;
42;12:48:24;11.8;10.7;
43;12:48:37;11.8;10.7;
44;12:48:50;11.8;10.7;
45;12:49:03;11.8;10.7;
46;12:49:17;11.8;10.7;
47;12:49:30;11.8;10.7;
48;12:49:43;11.8;10.7;
49;12:49:57;11.8;10.7;
50;12:50:10;11.8;10.7;
51;12:50:23;11.8;10.7;
52;12:50:37;11.8;10.7;
53;12:50:50;11.8;10.7;
54;12:51:03;11.8;10.7;
55;12:51:16;11.8;10.7;
56;12:51:30;11.8;10.7;
57;12:51:43;11.8;10.7;
58;12:51:56;11.8;10.7;
59;12:52:10;11.8;10.7;
60;12:52:23;11.8;10.7;
61;12:52:36;11.8;10.7;
62;12:52:50;11.8;10.7;
63;12:53:03;11.8;10.7;
64;12:53:16;11.8;10.7;
65;12:53:29;11.8;10.7;
66;12:53:43;11.8;10.7;
67;12:53:56;11.8;10.7;
68;12:54:09;11.8;10.7;
69;12:54:23;11.8;10.7;
70;12:54:36;11.8;10.7;
71;12:54:49;11.8;10.7;
72;12:55:03;11.8;10.7;
73;12:55:16;11.8;10.7;
74;12:55:29;11.8;10.7;
75;12:55:43;11.8;10.7;
76;12:55:56;11.8;10.7;
77;12:56:09;11.8;10.7;
78;12:56:22;11.8;10.7;
79;12:56:36;11.8;10.7;
80;12:56:49;11.8;10.7;
81;12:57:02;11.8;10.7;
82;12:57:16;11.8;10.7;
83;12:57:29;11.8;10.7;
84;12:57:42;11.8;10.7;
85;12:57:56;11.8;10.7;
86;12:58:09;11.8;10.7;
87;12:58:22;11.8;10.7;
88;12:58:36;11.8;10.7;
89;12:58:49;11.8;10.7;
90;12:59:02;11.8;10.7;
91;12:59:15;11.8;10.7;
92;12:59:29;11.8;10.7;
93;12:59:42;11.8;10.7;
94;12:59:55;11.8;10.7;
95;13:00:09;11.8;10.7;
96;13:00:22;11.8;10.7;
97;13:00:35;11.8;10.7;
98;13:00:49;11.8;10.7;
99;13:01:02;11.8;10.7;
100;13:01:15;11.8;10.7;
101;13:01:28;11.8;10.7;
102;13:01:42;11.8;10.7;
103;13:01:55;11.8;10.7;
104;13:02:08;11.8;10.7;
105;13:02:22;11.8;10.7;
106;13:02:35;11.8;10.7;
107;13:02:48;11.8;10.7;
108;13:03:02;11.8;10.7;
109;13:03:15;11.8;10.7;
110;13:03:28;11.8;10.7;
111;13:03:41;11.8;10.7;
112;13:03:55;11.8;10.7;
113;13:04:08;11.8;10.7;
114;13:04:21;11.8;10.7;
115;13:04:35;11.8;10.7;
116;13:04:48;11.8;10.7;
117;13:05:01;11.8;10.7;
118;13:05:15;11.8;10.7;
119;13:05:28;11.8;10.7;
120;13:05:41;11.8;10.7;
121;13:05:55;11.8;10.7;
122;13:06:08;11.8;10.7;
123;13:06:21;11.8;10.7;
124;13:06:34;11.8;10.7;
125;13:06:48;11.8;10.7;
126;13:07:01;11.8;10.7;
127;13:07:14;11.8;10.7;
128;13:07:28;11.8;10.7;
129;13:07:41;11.8;10.7;
130;13:07:54;11.8;10.7;
131;13:08:08;11.8;10.7;
132;13:08:21;11.8;10.7;
133;13:08:34;11.8;10.7;
134;13:08:47;11.8;10.7;
135;13:09:01;11.8;10.7;
136;13:09:14;11.8;10.7;
137;13:09:27;11.8;10.7;
138;13:09:41;11.8;10.7;
139;13:09:54;11.8;10.7;
140;13:10:07;11.8;10.7;
141;13:10:21;11.8;10.7;
142;13:10:34;11.8;10.7;
143;13:10:47;11.8;10.7;
144;13:11:01;11.8;10.7;
145;13:11:14;11.8;10.7;
146;13:11:27;11.8;10.7;
147;13:11:40;11.8;10.7;
148;13:11:54;11.8;10.7;
149;13:12:07;11.8;10.7;
150;13:12:20;11.8;10.7;
151;13:12:34;11.8;10.7;
152;13:12:47;11.8;10.7;
153;13:13:00;11.8;10.7;
154;13:13:14;11.8;10.7;
155;13:13:27;11.8;10.7;
156;13:13:40;11.8;10.7;
157;13:13:54;11.8;10.7;
158;13:14:07;11.8;10.7;
159;13:14:20;11.8;10.7;
160;13:14:34;11.8;10.7;
161;13:14:47;11.8;10.7;
162;13:15:00;11.8;10.7;
163;13:15:14;11.8;10.7;
164;13:15:27;11.8;10.7;
165;13:15:40;11.8;10.7;
166;13:15:53;11.8;10.7;
167;13:16:07;11.8;10.7;
168;13:16:20;11.8;10.7;
169;13:16:33;11.8;10.7;
170;13:16:47;11.8;10.7;
171;13:17:00;11.8;10.7;
172;13:17:13;11.8;10.7;
173;13:17:27;11.8;10.7;
174;13:17:40;11.8;10.7;
175;13:17:53;11.8;10.7;
176;13:18:06;11.8;10.7;
177;13:18:20;11.8;10.7;
178;13:18:33;11.8;10.7;
179;13:18:46;11.8;10.7;
180;13:19:00;11.8;10.7;
181;13:19:13;11.8;10.7;
182;13:19:26;11.8;10.7;
183;13:19:40;11.8;10.7;
184;13:19:53;11.8;10.7;
185;13:20:06;11.8;10.7;
186;13:20:19;11.8;10.7;
1;13:20:59;11.8;10.7;
1;13:28:13;11.8;10.7;
1;13:28:52;11.8;10.7;
